-0.37260639667510986
-0.37260639667510986
-0.37260639667510986
-0.37260639667510986
-0.37260639667510986
-0.22826841445196241
-0.22826841445196241
-0.22826841445196241
-0.22826841445196241
-0.22826841445196241
-0.22826841445196241
-0.2723558958586272
-0.2723558958586272
-0.2723558958586272
-0.2723558958586272
-0.2723558958586272
-0.2723558958586272
-0.2380494499206543
-0.2380494499206543
-0.2380494499206543
-0.2380494499206543
-0.2380494499206543
-0.3494080709754874
-0.3494080709754874
-0.3494080709754874
-0.3494080709754874
-0.3494080709754874
-0.3494080709754874
-0.42019671609956927
-0.42019671609956927
-0.42019671609956927
-0.42019671609956927
-0.3261483828226725
-0.3261483828226725
-0.3261483828226725
-0.3261483828226725
-0.3261483828226725
-0.3261483828226725
-0.3261483828226725
-0.3261483828226725
-0.2547435760498047
-0.2547435760498047
-0.2547435760498047
-0.2547435760498047
-0.2547435760498047
-0.2547435760498047
-0.26086919552811955
-0.26086919552811955
-0.26086919552811955
-0.26086919552811955
-0.26086919552811955
-0.26086919552811955
-0.28345444088890437
-0.28345444088890437
-0.28345444088890437
-0.28345444088890437
-0.28345444088890437
-0.28645916132963906
-0.28645916132963906
-0.28645916132963906
-0.28645916132963906
-0.28645916132963906
-0.28645916132963906
-0.31370041018626726
-0.31370041018626726
-0.31370041018626726
-0.31370041018626726
-0.31370041018626726
-0.31370041018626726
-0.31193560645693824
-0.31193560645693824
-0.31193560645693824
-0.31193560645693824
-0.31193560645693824
-0.31193560645693824
-0.21437693423912174
-0.21437693423912174
-0.21437693423912174
-0.21437693423912174
-0.21437693423912174
-0.21437693423912174
-0.35404022469008267
-0.35404022469008267
-0.35404022469008267
-0.35404022469008267
-0.35404022469008267
-0.35404022469008267
-0.26602009804018084
-0.26602009804018084
-0.26602009804018084
-0.26602009804018084
-0.26602009804018084
-0.26602009804018084
-0.26602009804018084
-0.26602009804018084
-0.34331351970804147
-0.34331351970804147
-0.34331351970804147
-0.34331351970804147
-0.34331351970804147
-0.34331351970804147
-0.34331351970804147
-0.34331351970804147
-0.34331351970804147
-0.34331351970804147
-0.469986799286633
-0.469986799286633
-0.469986799286633
